-10.000000 0.010011
-9.979980 -0.006164
-9.959960 0.004797
-9.939940 -0.004001
-9.919920 -0.010656
-9.899900 -0.009160
-9.879880 -0.001236
-9.859860 -0.006814
-9.839840 -0.002781
-9.819820 -0.009009
-9.799800 0.005941
-9.779780 -0.025337
-9.759760 0.003332
-9.739740 0.005451
-9.719720 -0.001023
-9.699700 -0.004076
-9.679680 0.009999
-9.659660 -0.004775
-9.639640 -0.011139
-9.619620 -0.009517
-9.599600 -0.009341
-9.579580 0.003016
-9.559560 0.001309
-9.539540 0.011364
-9.519520 -0.006746
-9.499499 0.023157
-9.479479 -0.006768
-9.459459 0.002384
-9.439439 -0.002634
-9.419419 0.000028
-9.399399 -0.006842
-9.379379 0.004604
-9.359359 -0.006546
-9.339339 0.003686
-9.319319 0.015374
-9.299299 -0.009668
-9.279279 0.007568
-9.259259 0.010352
-9.239239 0.016300
-9.219219 -0.004566
-9.199199 0.000518
-9.179179 -0.002653
-9.159159 0.012593
-9.139139 0.000975
-9.119119 0.015210
-9.099099 -0.004680
-9.079079 -0.009349
-9.059059 -0.019704
-9.039039 0.001972
-9.019019 -0.009570
-8.998999 -0.008220
-8.978979 0.003323
-8.958959 -0.017388
-8.938939 -0.013929
-8.918919 0.015501
-8.898899 -0.010407
-8.878879 -0.004413
-8.858859 -0.005140
-8.838839 -0.005208
-8.818819 -0.001968
-8.798799 -0.005628
-8.778779 -0.018514
-8.758759 -0.011426
-8.738739 0.002823
-8.718719 -0.009443
-8.698699 -0.009677
-8.678679 -0.008853
-8.658659 -0.006036
-8.638639 0.010869
-8.618619 0.009117
-8.598599 -0.006290
-8.578579 0.003755
-8.558559 0.007989
-8.538539 0.014089
-8.518519 0.012383
-8.498498 -0.014135
-8.478478 -0.004089
-8.458458 -0.002502
-8.438438 -0.012594
-8.418418 0.009570
-8.398398 0.009455
-8.378378 -0.010693
-8.358358 -0.002670
-8.338338 0.003248
-8.318318 -0.016144
-8.298298 -0.005598
-8.278278 -0.006376
-8.258258 0.019714
-8.238238 0.014113
-8.218218 -0.008092
-8.198198 -0.001924
-8.178178 0.001683
-8.158158 -0.015275
-8.138138 -0.007190
-8.118118 0.006824
-8.098098 -0.005479
-8.078078 -0.001045
-8.058058 -0.003828
-8.038038 0.004441
-8.018018 -0.003881
-7.997998 0.011493
-7.977978 0.001685
-7.957958 0.013663
-7.937938 0.000153
-7.917918 0.008673
-7.897898 0.000774
-7.877878 0.022414
-7.857858 -0.004161
-7.837838 -0.005779
-7.817818 0.003402
-7.797798 -0.010321
-7.777778 -0.000994
-7.757758 0.003427
-7.737738 0.004056
-7.717718 -0.000446
-7.697698 0.002792
-7.677678 0.000421
-7.657658 0.004644
-7.637638 -0.000014
-7.617618 -0.001656
-7.597598 -0.009264
-7.577578 0.001143
-7.557558 -0.011244
-7.537538 -0.004225
-7.517518 -0.005800
-7.497497 -0.007017
-7.477477 -0.018423
-7.457457 -0.000261
-7.437437 0.004581
-7.417417 -0.010204
-7.397397 -0.007227
-7.377377 -0.010623
-7.357357 0.002048
-7.337337 0.003829
-7.317317 0.010576
-7.297297 0.019668
-7.277277 -0.004463
-7.257257 -0.002302
-7.237237 0.003251
-7.217217 0.010610
-7.197197 -0.014586
-7.177177 0.001539
-7.157157 0.011291
-7.137137 0.014234
-7.117117 -0.004677
-7.097097 0.009901
-7.077077 -0.008233
-7.057057 0.000933
-7.037037 0.003575
-7.017017 0.004406
-6.996997 -0.011175
-6.976977 -0.009376
-6.956957 0.014413
-6.936937 0.014854
-6.916917 -0.001511
-6.896897 -0.007574
-6.876877 -0.003874
-6.856857 0.006455
-6.836837 -0.000159
-6.816817 -0.009073
-6.796797 0.000609
-6.776777 0.003182
-6.756757 0.001521
-6.736737 -0.015193
-6.716717 0.005102
-6.696697 0.003898
-6.676677 0.012526
-6.656657 -0.006796
-6.636637 0.001379
-6.616617 0.001547
-6.596597 -0.008161
-6.576577 -0.012584
-6.556557 0.009789
-6.536537 -0.003788
-6.516517 0.009545
-6.496496 0.000195
-6.476476 0.004574
-6.456456 -0.024841
-6.436436 0.000577
-6.416416 0.003951
-6.396396 0.003326
-6.376376 0.001061
-6.356356 -0.004034
-6.336336 -0.003947
-6.316316 -0.000047
-6.296296 0.004809
-6.276276 0.000491
-6.256256 0.009930
-6.236236 -0.028471
-6.216216 -0.005221
-6.196196 0.015706
-6.176176 -0.002795
-6.156156 -0.007237
-6.136136 -0.005092
-6.116116 -0.006267
-6.096096 0.009805
-6.076076 -0.001284
-6.056056 0.021962
-6.036036 0.001182
-6.016016 0.001851
-5.995996 0.004405
-5.975976 0.005779
-5.955956 0.007913
-5.935936 0.002979
-5.915916 0.029142
-5.895896 -0.006093
-5.875876 0.005980
-5.855856 -0.002566
-5.835836 0.005488
-5.815816 -0.010614
-5.795796 -0.001700
-5.775776 0.031252
-5.755756 0.006695
-5.735736 0.015407
-5.715716 0.003637
-5.695696 0.007498
-5.675676 0.010963
-5.655656 0.001852
-5.635636 0.014680
-5.615616 0.002662
-5.595596 0.010167
-5.575576 0.004796
-5.555556 0.007572
-5.535536 0.002865
-5.515516 0.002233
-5.495495 0.001286
-5.475475 0.015650
-5.455455 0.003067
-5.435435 0.012262
-5.415415 0.028731
-5.395395 0.007766
-5.375375 0.018281
-5.355355 0.021360
-5.335335 0.015153
-5.315315 0.008155
-5.295295 0.026997
-5.275275 0.023079
-5.255255 0.007279
-5.235235 0.028218
-5.215215 0.029601
-5.195195 0.027441
-5.175175 0.020252
-5.155155 0.033869
-5.135135 0.028230
-5.115115 0.016537
-5.095095 0.025117
-5.075075 0.046497
-5.055055 0.015182
-5.035035 0.011399
-5.015015 0.021629
-4.994995 0.031609
-4.974975 0.015204
-4.954955 0.021060
-4.934935 0.045226
-4.914915 0.023755
-4.894895 0.023604
-4.874875 0.006171
-4.854855 0.014178
-4.834835 0.017163
-4.814815 0.007073
-4.794795 0.016758
-4.774775 0.016372
-4.754755 0.043562
-4.734735 0.006678
-4.714715 0.015011
-4.694695 0.028268
-4.674675 0.020987
-4.654655 0.008013
-4.634635 0.013338
-4.614615 0.028823
-4.594595 0.024952
-4.574575 0.026004
-4.554555 0.025359
-4.534535 0.013211
-4.514515 0.021690
-4.494494 0.011764
-4.474474 0.000726
-4.454454 0.016359
-4.434434 0.005223
-4.414414 0.020340
-4.394394 0.005016
-4.374374 -0.012285
-4.354354 0.003761
-4.334334 0.028028
-4.314314 -0.005652
-4.294294 0.004613
-4.274274 -0.014705
-4.254254 0.017789
-4.234234 0.014018
-4.214214 0.008868
-4.194194 0.007135
-4.174174 -0.004801
-4.154154 -0.003616
-4.134134 0.019772
-4.114114 0.008940
-4.094094 0.003333
-4.074074 0.007287
-4.054054 -0.007192
-4.034034 -0.015324
-4.014014 0.016050
-3.993994 -0.001451
-3.973974 0.013390
-3.953954 -0.008405
-3.933934 -0.000549
-3.913914 0.022923
-3.893894 0.001718
-3.873874 0.001327
-3.853854 -0.002638
-3.833834 -0.000589
-3.813814 0.002767
-3.793794 0.007185
-3.773774 0.001893
-3.753754 0.012602
-3.733734 -0.007567
-3.713714 -0.006738
-3.693694 0.023110
-3.673674 -0.001067
-3.653654 -0.000084
-3.633634 -0.006419
-3.613614 -0.016404
-3.593594 -0.008211
-3.573574 0.004024
-3.553554 -0.002055
-3.533534 -0.006362
-3.513514 0.005729
-3.493493 0.005596
-3.473473 -0.012497
-3.453453 -0.002644
-3.433433 0.002227
-3.413413 -0.005716
-3.393393 0.010081
-3.373373 -0.008803
-3.353353 0.012449
-3.333333 0.016990
-3.313313 -0.007144
-3.293293 -0.005883
-3.273273 0.004939
-3.253253 -0.001315
-3.233233 -0.003794
-3.213213 -0.009702
-3.193193 -0.009433
-3.173173 -0.003872
-3.153153 0.005333
-3.133133 0.008570
-3.113113 0.005428
-3.093093 -0.005817
-3.073073 -0.011655
-3.053053 -0.010323
-3.033033 -0.003097
-3.013013 -0.011955
-2.992993 -0.004389
-2.972973 -0.003911
-2.952953 0.011196
-2.932933 -0.004353
-2.912913 0.004309
-2.892893 0.000326
-2.872873 0.003358
-2.852853 0.010129
-2.832833 -0.009632
-2.812813 0.006666
-2.792793 0.018959
-2.772773 -0.006518
-2.752753 -0.003094
-2.732733 0.011148
-2.712713 0.013091
-2.692693 -0.008082
-2.672673 0.001295
-2.652653 -0.014307
-2.632633 -0.007296
-2.612613 0.005145
-2.592593 0.008207
-2.572573 -0.003652
-2.552553 0.003240
-2.532533 0.014303
-2.512513 0.006064
-2.492492 0.000587
-2.472472 -0.024925
-2.452452 -0.005663
-2.432432 -0.002395
-2.412412 0.017741
-2.392392 -0.006183
-2.372372 -0.012455
-2.352352 0.006632
-2.332332 -0.005028
-2.312312 -0.001803
-2.292292 0.011714
-2.272272 0.006183
-2.252252 0.001797
-2.232232 0.000409
-2.212212 0.003600
-2.192192 -0.011985
-2.172172 -0.009918
-2.152152 -0.000636
-2.132132 0.003573
-2.112112 -0.028246
-2.092092 -0.017823
-2.072072 0.017365
-2.052052 0.006027
-2.032032 0.013652
-2.012012 0.004980
-1.991992 0.007902
-1.971972 -0.002890
-1.951952 0.006433
-1.931932 -0.013487
-1.911912 0.002924
-1.891892 0.010678
-1.871872 -0.000717
-1.851852 0.012189
-1.831832 -0.003687
-1.811812 -0.002946
-1.791792 -0.009630
-1.771772 0.004680
-1.751752 -0.005636
-1.731732 -0.010251
-1.711712 0.010542
-1.691692 -0.003517
-1.671672 -0.010625
-1.651652 -0.005305
-1.631632 -0.006450
-1.611612 -0.017014
-1.591592 -0.011370
-1.571572 0.000785
-1.551552 0.007059
-1.531532 -0.003281
-1.511512 -0.000839
-1.491491 -0.008072
-1.471471 -0.003406
-1.451451 -0.012391
-1.431431 -0.003199
-1.411411 -0.013669
-1.391391 -0.000602
-1.371371 -0.007366
-1.351351 -0.026539
-1.331331 -0.015293
-1.311311 0.001169
-1.291291 -0.000962
-1.271271 0.012608
-1.251251 0.014037
-1.231231 -0.000874
-1.211211 -0.004369
-1.191191 0.014060
-1.171171 -0.011663
-1.151151 -0.008899
-1.131131 -0.021786
-1.111111 0.001309
-1.091091 -0.001599
-1.071071 0.002108
-1.051051 0.009052
-1.031031 0.003852
-1.011011 0.000856
-0.990991 -0.017458
-0.970971 0.003900
-0.950951 -0.001898
-0.930931 -0.004316
-0.910911 -0.007916
-0.890891 -0.003166
-0.870871 0.013856
-0.850851 0.005000
-0.830831 -0.016269
-0.810811 0.006833
-0.790791 -0.003296
-0.770771 -0.003987
-0.750751 -0.004510
-0.730731 0.003111
-0.710711 0.006022
-0.690691 0.002558
-0.670671 -0.005029
-0.650651 0.014806
-0.630631 -0.011288
-0.610611 0.000349
-0.590591 -0.000196
-0.570571 0.013172
-0.550551 -0.007615
-0.530531 0.000458
-0.510511 -0.012902
-0.490490 -0.004304
-0.470470 0.010809
-0.450450 -0.000270
-0.430430 0.009121
-0.410410 -0.009398
-0.390390 -0.001591
-0.370370 -0.011297
-0.350350 -0.026943
-0.330330 0.011801
-0.310310 -0.003495
-0.290290 -0.011017
-0.270270 0.009128
-0.250250 0.005448
-0.230230 -0.009754
-0.210210 -0.006291
-0.190190 -0.002009
-0.170170 0.004172
-0.150150 -0.011427
-0.130130 0.026470
-0.110110 0.007602
-0.090090 -0.000905
-0.070070 -0.013646
-0.050050 -0.000861
-0.030030 0.002043
-0.010010 0.007719
0.010010 0.019069
0.030030 -0.028205
0.050050 0.007251
0.070070 -0.000850
0.090090 -0.012357
0.110110 -0.001342
0.130130 -0.007080
0.150150 0.006259
0.170170 -0.020201
0.190190 -0.002323
0.210210 -0.009386
0.230230 -0.007444
0.250250 -0.007049
0.270270 -0.010796
0.290290 0.000718
0.310310 -0.007947
0.330330 0.002493
0.350350 0.015670
0.370370 -0.013316
0.390390 0.001948
0.410410 0.006873
0.430430 0.018486
0.450450 0.005588
0.470470 -0.013187
0.490490 -0.003256
0.510511 -0.000416
0.530531 -0.003902
0.550551 0.001174
0.570571 0.004380
0.590591 0.010281
0.610611 -0.005495
0.630631 -0.000881
0.650651 0.011449
0.670671 -0.000132
0.690691 -0.001574
0.710711 -0.011147
0.730731 -0.010080
0.750751 0.002995
0.770771 0.007079
0.790791 0.010112
0.810811 0.016686
0.830831 -0.007715
0.850851 -0.007023
0.870871 -0.000353
0.890891 0.017441
0.910911 -0.004405
0.930931 0.000120
0.950951 -0.003188
0.970971 -0.002831
0.990991 0.008613
1.011011 0.022460
1.031031 -0.000298
1.051051 0.015383
1.071071 0.014232
1.091091 -0.004039
1.111111 -0.005812
1.131131 -0.002792
1.151151 -0.000584
1.171171 0.007361
1.191191 -0.017495
1.211211 -0.006537
1.231231 -0.003987
1.251251 -0.000326
1.271271 0.001889
1.291291 -0.009271
1.311311 -0.003884
1.331331 0.001493
1.351351 -0.005060
1.371371 -0.013547
1.391391 -0.007102
1.411411 -0.010801
1.431431 -0.008487
1.451451 0.001714
1.471471 -0.000717
1.491491 -0.009692
1.511512 0.008332
1.531532 -0.010912
1.551552 0.005852
1.571572 -0.002510
1.591592 0.016333
1.611612 -0.022158
1.631632 -0.008345
1.651652 0.005829
1.671672 -0.009178
1.691692 -0.005563
1.711712 0.006294
1.731732 -0.025637
1.751752 -0.006402
1.771772 0.002313
1.791792 0.005760
1.811812 -0.004371
1.831832 -0.008247
1.851852 0.010246
1.871872 0.004598
1.891892 -0.011994
1.911912 -0.011200
1.931932 -0.009136
1.951952 0.009504
1.971972 -0.004909
1.991992 -0.006045
2.012012 0.007701
2.032032 -0.012563
2.052052 -0.022385
2.072072 0.023336
2.092092 0.006994
2.112112 -0.009886
2.132132 0.006893
2.152152 0.020827
2.172172 0.010377
2.192192 -0.011712
2.212212 0.000137
2.232232 0.000614
2.252252 0.002931
2.272272 0.007851
2.292292 0.001197
2.312312 -0.025094
2.332332 0.007510
2.352352 -0.005672
2.372372 0.006789
2.392392 -0.005983
2.412412 0.017042
2.432432 -0.009671
2.452452 -0.010466
2.472472 -0.004545
2.492492 0.024419
2.512513 0.001670
2.532533 0.001179
2.552553 0.010264
2.572573 0.000538
2.592593 -0.006357
2.612613 0.001897
2.632633 0.006480
2.652653 -0.002615
2.672673 -0.007337
2.692693 0.000658
2.712713 0.011738
2.732733 -0.008143
2.752753 -0.009091
2.772773 -0.013869
2.792793 0.007270
2.812813 0.007390
2.832833 0.011681
2.852853 -0.012359
2.872873 -0.002712
2.892893 0.013172
2.912913 -0.008882
2.932933 0.002113
2.952953 0.013244
2.972973 -0.013008
2.992993 -0.006294
3.013013 0.013780
3.033033 0.010710
3.053053 0.000658
3.073073 0.011917
3.093093 -0.000817
3.113113 0.011323
3.133133 0.002529
3.153153 0.011890
3.173173 -0.003250
3.193193 -0.004600
3.213213 -0.004608
3.233233 -0.003702
3.253253 -0.006895
3.273273 0.002043
3.293293 -0.007250
3.313313 -0.004062
3.333333 -0.005246
3.353353 -0.004027
3.373373 0.009041
3.393393 0.010458
3.413413 -0.012320
3.433433 -0.001271
3.453453 -0.000460
3.473473 -0.007837
3.493493 0.000324
3.513514 -0.005157
3.533534 -0.002660
3.553554 0.000522
3.573574 0.010486
3.593594 0.006806
3.613614 -0.007308
3.633634 0.003518
3.653654 0.008139
3.673674 0.010546
3.693694 -0.019510
3.713714 0.000578
3.733734 -0.003897
3.753754 0.003886
3.773774 -0.005643
3.793794 0.006857
3.813814 0.009683
3.833834 -0.016102
3.853854 -0.019962
3.873874 0.012051
3.893894 -0.004009
3.913914 0.006340
3.933934 0.019307
3.953954 0.013394
3.973974 -0.008982
3.993994 0.004897
4.014014 -0.005514
4.034034 -0.006719
4.054054 -0.004040
4.074074 -0.012515
4.094094 -0.006555
4.114114 -0.013345
4.134134 0.004081
4.154154 -0.004751
4.174174 -0.010522
4.194194 0.002872
4.214214 -0.004620
4.234234 0.004580
4.254254 0.004799
4.274274 0.003846
4.294294 0.011981
4.314314 -0.006547
4.334334 -0.011812
4.354354 -0.000175
4.374374 -0.000602
4.394394 -0.002420
4.414414 -0.014083
4.434434 0.014282
4.454454 -0.008755
4.474474 -0.003191
4.494494 0.011982
4.514515 0.003204
4.534535 0.004229
4.554555 -0.000665
4.574575 -0.018870
4.594595 -0.011985
4.614615 0.014025
4.634635 0.008837
4.654655 0.006017
4.674675 -0.015329
4.694695 -0.010043
4.714715 0.009981
4.734735 -0.003129
4.754755 0.019054
4.774775 0.002495
4.794795 -0.013574
4.814815 0.011345
4.834835 -0.001850
4.854855 -0.015680
4.874875 -0.013322
4.894895 0.003102
4.914915 0.005384
4.934935 -0.012237
4.954955 -0.001198
4.974975 -0.002049
4.994995 -0.011586
5.015015 0.013406
5.035035 -0.004861
5.055055 -0.006662
5.075075 0.011002
5.095095 0.014005
5.115115 0.011302
5.135135 -0.006679
5.155155 0.011595
5.175175 -0.003832
5.195195 -0.008587
5.215215 0.015730
5.235235 0.009191
5.255255 0.000532
5.275275 0.020868
5.295295 0.005975
5.315315 -0.004590
5.335335 0.016738
5.355355 -0.014959
5.375375 0.003937
5.395395 0.001132
5.415415 -0.003398
5.435435 -0.005411
5.455455 -0.013239
5.475475 0.010061
5.495495 0.003404
5.515516 -0.008314
5.535536 -0.000238
5.555556 -0.007580
5.575576 0.004189
5.595596 0.011170
5.615616 0.009153
5.635636 0.009297
5.655656 -0.002043
5.675676 0.000512
5.695696 -0.021524
5.715716 0.021923
5.735736 -0.003013
5.755756 0.004134
5.775776 0.016165
5.795796 0.001150
5.815816 -0.016868
5.835836 -0.012434
5.855856 -0.015525
5.875876 -0.001741
5.895896 0.010652
5.915916 0.001174
5.935936 -0.006981
5.955956 -0.006034
5.975976 -0.013139
5.995996 -0.007823
6.016016 -0.003302
6.036036 0.007705
6.056056 0.010327
6.076076 0.000054
6.096096 -0.006189
6.116116 0.001837
6.136136 0.001813
6.156156 0.005091
6.176176 0.001633
6.196196 0.007970
6.216216 -0.003230
6.236236 -0.021853
6.256256 -0.014962
6.276276 -0.007321
6.296296 -0.003029
6.316316 0.009696
6.336336 0.000745
6.356356 -0.004932
6.376376 -0.014192
6.396396 -0.010959
6.416416 0.016251
6.436436 -0.000155
6.456456 0.011516
6.476476 0.000796
6.496496 0.006941
6.516517 -0.008328
6.536537 -0.003421
6.556557 0.000600
6.576577 -0.002393
6.596597 -0.011348
6.616617 -0.003802
6.636637 -0.004577
6.656657 -0.006192
6.676677 -0.000577
6.696697 0.002831
6.716717 -0.009466
6.736737 0.000044
6.756757 -0.001708
6.776777 -0.022624
6.796797 -0.006540
6.816817 0.000709
6.836837 0.003248
6.856857 0.004121
6.876877 0.003294
6.896897 0.015212
6.916917 0.000403
6.936937 0.004695
6.956957 0.024527
6.976977 0.006882
6.996997 0.006256
7.017017 0.009685
7.037037 -0.006354
7.057057 -0.007495
7.077077 -0.008686
7.097097 0.004514
7.117117 -0.002020
7.137137 0.001912
7.157157 -0.016009
7.177177 -0.015866
7.197197 -0.006225
7.217217 0.002230
7.237237 -0.005688
7.257257 -0.005566
7.277277 0.011668
7.297297 0.006759
7.317317 -0.014910
7.337337 -0.011715
7.357357 -0.004621
7.377377 0.001841
7.397397 0.002339
7.417417 0.003762
7.437437 0.011114
7.457457 0.000987
7.477477 0.007555
7.497497 -0.014803
7.517518 -0.017351
7.537538 0.015428
7.557558 0.002374
7.577578 -0.010831
7.597598 0.007931
7.617618 0.000437
7.637638 0.014942
7.657658 -0.001256
7.677678 -0.025791
7.697698 0.016623
7.717718 0.007024
7.737738 -0.007667
7.757758 0.004079
7.777778 -0.004192
7.797798 0.004489
7.817818 0.000713
7.837838 -0.012516
7.857858 -0.002015
7.877878 -0.007688
7.897898 -0.002156
7.917918 0.009800
7.937938 -0.000759
7.957958 0.006348
7.977978 0.003040
7.997998 -0.006883
8.018018 0.016619
8.038038 0.002750
8.058058 -0.002352
8.078078 -0.002351
8.098098 -0.020988
8.118118 -0.003179
8.138138 -0.008168
8.158158 -0.004085
8.178178 0.012631
8.198198 0.007872
8.218218 0.002969
8.238238 0.009157
8.258258 0.008398
8.278278 0.008969
8.298298 -0.015633
8.318318 0.000037
8.338338 0.014614
8.358358 0.014922
8.378378 0.009129
8.398398 0.002865
8.418418 -0.000757
8.438438 0.021047
8.458458 0.005737
8.478478 -0.016475
8.498498 -0.009580
8.518519 0.006432
8.538539 -0.004266
8.558559 0.002961
8.578579 -0.008943
8.598599 -0.002956
8.618619 -0.010325
8.638639 0.006766
8.658659 0.004904
8.678679 -0.010983
8.698699 0.017545
8.718719 0.009035
8.738739 -0.010980
8.758759 -0.012708
8.778779 0.001949
8.798799 -0.012833
8.818819 0.007733
8.838839 -0.016184
8.858859 0.005263
8.878879 -0.003368
8.898899 -0.002644
8.918919 -0.008603
8.938939 -0.010974
8.958959 -0.001223
8.978979 -0.010008
8.998999 -0.014719
9.019019 -0.006097
9.039039 0.010719
9.059059 -0.001670
9.079079 -0.001505
9.099099 0.000800
9.119119 -0.002104
9.139139 -0.003008
9.159159 0.006735
9.179179 0.005172
9.199199 -0.016335
9.219219 -0.005834
9.239239 -0.002518
9.259259 0.006611
9.279279 0.006367
9.299299 -0.005007
9.319319 0.016318
9.339339 0.001607
9.359359 0.015926
9.379379 0.007548
9.399399 -0.002852
9.419419 -0.003456
9.439439 -0.003872
9.459459 0.009997
9.479479 -0.005243
9.499499 0.009340
9.519520 -0.000676
9.539540 -0.007215
9.559560 -0.002706
9.579580 0.005725
9.599600 0.004853
9.619620 -0.018620
9.639640 0.005005
9.659660 0.022866
9.679680 0.003180
9.699700 0.011564
9.719720 0.002525
9.739740 0.010661
9.759760 0.000833
9.779780 -0.017153
9.799800 0.001790
9.819820 0.001344
9.839840 -0.003183
9.859860 0.007704
9.879880 -0.006370
9.899900 -0.001436
9.919920 -0.004291
9.939940 -0.007133
9.959960 0.013869
9.979980 0.004078
10.000000 -0.001263
